3,2
3,1
3,3
10,166
10,236
10,239
10,307
10,126
10,184
10,189
10,181
11,28
9,7
9,1
9,5
9,2
9,3
8,16
8,7
8,15
8,2
401,4
401,3
401,2
401,1
401,0
400,3
400,2
400,1
400,0
374,4
374,3
374,2
374,1
374,0
373,4
373,3
373,2
373,1
373,0
369,4
369,3
369,2
369,1
369,0
367,4
367,3
367,2
367,1
367,0
366,3
366,2
366,1
366,0
20,3
20,2
20,1
19,3
19,2
19,1
12,3
12,2
12,1
11,30
11,29
11,27
11,26
11,25
11,24
11,23
11,22
11,21
11,20
11,19
11,18
11,17
11,16
11,15
11,14
11,13
11,12
11,11
11,10
11,9
11,8
11,7
11,6
11,5
11,4
11,3
11,2
11,1
10,316
10,283
10,276
18,1
10,271
18,3
10,268
10,264
10,257
10,251
10,248
14,1
10,238
14,3
10,235
13,1
10,228
13,3
10,224
10,220
10,210
10,205
10,198
10,182
10,180
10,178
10,177
